(i) El valor mayor: 3

(ii) Subsecuencias en comun:

(iii) posición en donde se encuentra (ambas cadenas)
(iii) ninguna subcadena
(iv) Matrix de scores: 
0 0 0 0 0 0 0 0 0 0 0 0 0 0 0 0 0 0 0 0 0 
0 1 0 0 0 1 1 0 0 1 1 0 1 0 0 1 0 0 0 1 0 
0 0 2 0 0 0 0 0 0 0 0 2 0 2 0 0 0 1 0 0 2 
0 0 1 1 0 0 0 0 0 0 0 1 1 1 1 0 0 1 0 0 1 
0 1 0 0 0 1 1 0 0 1 1 0 2 0 0 2 0 0 0 1 0 
0 1 0 0 0 1 2 0 0 1 2 0 1 1 0 1 1 0 0 1 0 
0 1 0 0 0 1 2 1 0 1 2 1 1 0 0 1 0 0 0 1 0 
0 0 0 1 1 0 0 3 1 0 0 1 0 0 0 0 0 0 1 0 0 
0 0 0 1 2 0 0 1 2 0 0 0 0 0 0 0 0 0 1 0 0 
0 0 1 0 0 1 0 0 0 1 0 1 0 1 0 0 0 1 0 0 1 
0 0 1 0 0 0 0 0 0 0 0 1 0 1 0 0 0 1 0 0 1 
0 0 1 0 0 0 0 0 0 0 0 1 0 1 0 0 0 1 0 0 1 
0 1 0 0 0 1 1 0 0 1 1 0 2 0 0 1 0 0 0 1 0 
0 0 2 0 0 0 0 0 0 0 0 2 0 3 1 0 0 1 0 0 2 
0 1 0 1 0 1 1 0 0 1 1 0 3 1 2 2 0 0 0 1 0 
0 0 0 0 0 0 0 0 1 0 0 0 1 2 2 1 3 1 0 0 0 
0 0 0 0 0 0 0 0 1 0 0 0 0 0 3 1 2 2 0 0 0 
0 0 1 0 0 0 0 0 0 0 0 1 0 1 1 2 0 3 1 0 1 
0 0 1 0 0 0 0 0 0 0 0 1 0 1 0 0 1 1 2 0 1 
0 0 0 0 0 0 0 0 1 0 0 0 0 0 2 0 1 0 0 1 0 
0 0 0 0 0 0 0 0 1 0 0 0 0 0 1 1 1 0 0 0 0 

(v) Existe en alguna otra subsecuencia
NO

